0.025583 
0.064875 
0.072542 
0.089667 
0.096417 
0.137667 
0.146333 
0.156333 
0.171333 
0.183542 
0.194458 
0.206958 
0.227167 
0.252542 
0.264875 
0.267750 
0.276917 
0.287292 
0.296375 
0.303792 
0.321125 
0.363833 
0.374500 
0.394000 
0.399458 
0.424875 
0.439500 
0.445792 
0.454500 
0.466583 
0.474375 
0.476000 
0.488208 
0.491833 
0.519500 
0.558458 
0.563833 
0.566958 
0.579625 
0.606167 
0.665500 
0.671833 
0.691167 
0.734500 
0.793667 
0.807167 
0.844125 
0.860208 
0.899125 
0.941958 
0.969083 
0.988917 
1.005292 
1.018375 
1.020833 
1.025792 
1.038833 
1.041792 
1.051167 
1.064667 
1.087625 
1.098042 
1.123750 
1.133458 
1.139417 
1.144417 
1.146000 
1.165208 
1.194375 
1.211833 
1.220208 
1.226792 
1.231500 
1.237167 
1.268542 
1.283458 
1.295208 
1.301958 
1.328583 
1.339542 
1.356542 
1.407000 
1.430500 
1.455792 
1.474208 
1.483750 
1.527167 
1.567708 
1.571833 
1.580458 
1.618458 
1.667375 
1.683333 
1.725792 
1.751750 
1.756292 
1.766292 
1.784667 
1.803542 
1.827667 
1.832917 
1.836458 
1.878542 
1.887083 
1.948167 
1.976542 
1.996625 
2.007000 
2.015708 
2.023250 
2.025000 
2.036583 
2.042167 
2.056292 
2.062167 
2.088042 
2.105458 
2.111750 
2.116875 
2.126750 
2.158708 
2.167750 
2.174500 
2.207833 
2.237042 
2.241792 
2.259708 
2.263500 
2.294625 
2.295417 
2.316417 
2.327333 
2.332250 
2.348917 
2.372917 
2.409083 
2.415958 
2.422167 
2.425917 
2.438250 
2.457250 
2.483750 
2.486208 
2.524458 
2.547625 
2.554208 
2.563750 
2.566625 
2.577417 
2.612792 
2.622458 
2.625417 
2.660458 
2.675875 
2.718167 
2.728250 
2.734208 
2.782167 
2.807958 
2.818042 
2.827208 
2.859083 
2.867792 
2.899333 
2.919625 
2.946875 
2.961792 
3.004125 
3.006542 
3.011750 
3.066208 
3.077458 
3.091750 
3.098958 
3.133667 
3.147208 
3.158167 
3.174375 
3.217125 
3.257917 
3.272917 
3.285625 
3.304875 
3.327917 
3.337125 
3.345292 
3.364125 
3.380458 
3.425625 
3.435958 
3.450667 
3.465708 
3.510917 
3.526542 
3.554625 
3.557750 
3.571500 
3.578292 
3.585083 
3.607292 
3.630667 
3.688917 
3.703500 
3.709083 
3.717542 
3.731833 
3.740458 
3.803958 
3.809167 
3.864042 
3.867208 
3.926542 
3.944125 
3.964458 
3.976000 
3.990667 
3.999625 
4.010292 
4.016833 
4.027208 
4.047708 
4.077792 
4.096750 
4.119583 
4.126708 
4.135125 
4.147667 
4.154458 
4.158917 
4.168292 
4.189000 
4.229833 
4.234500 
4.241958 
4.245000 
4.254375 
4.255958 
4.260833 
4.290917 
4.306958 
4.335167 
4.347042 
4.401792 
4.409833 
4.423500 
4.435708 
4.451833 
4.486625 
4.517500 
4.543125 
4.557208 
4.576708 
4.589833 
4.601958 
4.614375 
4.615833 
4.629250 
4.636042 
4.666625 
4.703792 
4.743167 
4.756708 
4.779125 
4.796458 
4.874500 
4.885875 
4.906125 
4.910292 
4.936792 
5.015875 
5.025000 
5.045500 
5.063792 
5.066333 
5.093917 
5.103167 
5.146250 
5.169042 
5.173125 
5.186875 
5.197583 
5.206500 
5.234792 
5.279375 
5.293667 
5.308333 
5.314500 
5.328125 
5.351833 
5.355000 
5.368958 
5.387958 
5.414083 
5.422125 
5.435708 
5.473958 
5.476417 
5.489833 
5.497542 
5.518542 
5.542708 
5.549208 
5.564667 
5.567792 
5.587708 
5.594500 
5.605250 
5.679708 
5.712125 
5.739083 
5.740833 
5.757292 
5.774500 
5.782125 
5.824417 
5.827292 
5.836708 
5.854500 
5.868583 
5.875833 
5.910917 
5.970667 
5.984792 
5.993917 
6.015083 
6.024875 
6.029833 
6.035917 
6.054375 
6.058458 
6.090917 
6.096000 
6.175292 
6.193667 
6.214500 
6.228208 
6.235125 
6.244125 
6.251750 
6.262708 
6.270667 
6.277458 
6.294292 
6.351250 
6.368958 
6.387000 
6.443083 
6.450667 
6.456250 
6.466542 
6.473417 
6.494083 
6.495708 
6.504375 
6.519625 
6.544542 
6.577542 
6.581375 
6.607333 
6.611750 
6.615583 
6.631500 
6.657917 
6.668667 
6.697958 
6.743792 
6.747833 
6.756750 
6.761958 
6.779667 
6.803750 
6.835042 
6.845542 
6.863458 
6.877250 
6.882042 
6.891250 
6.929833 
6.945750 
6.954375 
6.972125 
6.985042 
6.995750 
7.028542 
7.048458 
7.062833 
7.068333 
7.096625 
7.100875 
7.107167 
7.117417 
7.134375 
7.150125 
7.170667 
7.179125 
7.193542 
7.198000 
7.200917 
7.208792 
7.213583 
7.223458 
7.273667 
7.275875 
7.295292 
7.301583 
7.314375 
7.357875 
7.364125 
7.373000 
7.388458 
7.392917 
7.405208 
7.423583 
7.437583 
7.460875 
7.465583 
7.478292 
7.509250 
7.512708 
7.539042 
7.553417 
7.575875 
7.603042 
7.605292 
7.626333 
7.636458 
7.647250 
7.692708 
7.695958 
7.714500 
7.742958 
7.818875 
7.823792 
7.856542 
7.872708 
7.883750 
7.890667 
7.909417 
7.913542 
7.921917 
7.935750 
7.948500 
7.953167 
7.974917 
7.976958 
7.987917 
8.032625 
8.042917 
8.058833 
8.080542 
8.090542 
8.101917 
8.148625 
8.153917 
8.182458 
8.186125 
8.207000 
8.214375 
8.217042 
8.347583 
8.366500 
8.392125 
8.437833 
8.460917 
8.539083 
8.543792 
8.546750 
8.556042 
8.567250 
8.588250 
8.633542 
8.647333 
8.654458 
8.664375 
8.682042 
8.692958 
8.695375 
8.704542 
8.712042 
8.719125 
8.757458 
8.765792 
8.772375 
8.820917 
8.832917 
8.887417 
8.893667 
8.898042 
8.907083 
8.935500 
8.948667 
8.957625 
8.964250 
8.971583 
9.006417 
9.036875 
9.046083 
9.063750 
9.073667 
9.145208 
9.171833 
9.193583 
9.237708 
9.253250 
9.326583 
9.349042 
9.359333 
9.374458 
9.388458 
9.416667 
9.423500 
9.438917 
9.458500 
9.467833 
9.472125 
9.514500 
9.531833 
9.537500 
9.546083 
9.552917 
9.566292 
9.578083 
9.588583 
9.592958 
9.603625 
9.607333 
9.616333 
9.652625 
9.657583 
9.660708 
9.683292 
9.706125 
9.725750 
9.756500 
9.785167 
9.842917 
9.862708 
9.871583 
9.875708 
9.924250 
9.955708 
9.977208 
9.987625 
